384863968
1867291803
236897791
32687248
1731861511
663089995
1394715425
702324026
751908406
899882242
2008841633
2056444314
213305135
93617846
1790885409
1225240115
2022502201
1287278641
186118542
1646795806
2003765702
1944212613
294626134
1633804419
1718219787
58521930
1212867050
102824666
616701946
146920925
953955631
1001565914
2014212728
1190853422
1034253162
1598590592
1853943417
281484939
153430970
458368175
1181367181
14788956
367328841
1394672317
108406802
10730603
472428784
2130909004
1298009244
658547326
1630221162
1154291298
455276291
1924847297
640612069
26012431
1983369227
1853479119
128837097
452587525
2000400044
1082792728
1454153439
1867129125
126162502
340922953
1318236069
1980105919
622407892
1471667039
290990446
1803775073
1486455995
658319287
1050963742
1594862798
669049890
1523392526
1578288154
1967059134
34456205
1061025668
973866785
489732496
838389317
1614478854
515744927
674274896
1320474326
644582024
1126862421
1173390722
1727374752
433532212
893036199
1853537254
774455165
63788620
1686159525
1396863057
1535455660
1977149971
1053154483
874428007
487985611
2104118225
321807157
1157035501
1480027104
1900095311
976610988
1514483309
813637332
1950477773
2004215805
1652026649
1417472979
372477085
178817898
590463657
1017059109
1305680319
1763854380
596950214
1739212532
509406931
303003820
366184049
573195552
1989163346
1763047107
2108651212
1818829669
668717942
835595571
159331632
625352519
1157402729
1316367134
2105379623
910014392
145494474
1472379284
1723651724
2095972247
1329111442
1228194726
1365961578
1701588527
1407012624
1956425236
571163988
565209295
1572795968
1168114202
156938179
2082202899
1471118023
523122229
507914803
1312797721
138685688
469082367
984143742
807403630
1304677939
1143475375
1432756149
314597020
312358861
1390652125
1224611412
457853335
715547761
800779489
406341934
2044659203
2028974215
1772303512
1598764082
1288503191
1581245100
22444423
1853712486
1006557420
1190558625
2010650666
941276672
514193000
386289247
1449191475
1826990721
524974935
1918273843
663650816
1332378565
1075468134
1807126191
617651066
1390065154
2119485052
2008303191
467192918
429854739
576367305
1267972407
836196673
473542860
1149462974
461016537
2072306943
290482517
2042261638
2094751366
2144195004
901335410
1137826343
2007362022
1842612082
1652019344
246167621
1144319910
1331526417
771142556
915110105
1995177233
2103521121
1990578239
1654819776
573688539
1233159745
1626821180
434508083
1700352663
2056675919
1010875388
820841423
745388944
1484418248
1970304397
1206405482
1409241543
113303267
1101183472
1356509261
110014623
2002518882
346851957
2117376645
1697647317
1998871301
216060618
694483579
1182914070
987203174
1609593684
1030607656
943240647
1452688275
537943784
1516929186
538364372
17281317
1951437269
91233387
2073957236
814829009
912074810
671862533
151763610
734895560
1878268015
1561005153
848198827
831967839
770030767
958213450
687003073
1116882724
928106447
237166742
968270377
1144167065
931650321
3700799
2131370239
393760357
1034308455
927127238
1846448632
1572252240
296572776
237329356
1589533557
100526398
328562744
1516007145
915355407
1240637554
40386030
1067119017
1975533114
1918654045
480640523
676248293
603138236
1250671290
1634461743
1290141310
220070366
415084542
1527308052
1188340743
1559251607
311474726
1192041542
1543138198
705235083
78866350
322781788
404200068
1651118590
619354565
641529424
1093168499
719880963
970092168
461691996
1635236370
63246075
502078027
554871740
2038779189
273248424
1035512263
567543835
876386661
138699905
54521930
19044323
358770271
469606473
1546352375
1547111014
2028858080
1857827101
591668908
1424512631
415578537
670535258
1747294419
819778605
174170200
219165336
1461308029
1267338699
939046299
283916550
1729030696
426799022
347162625
83625075
981670762
238458166
356873499
2017183025
806002001
1233260160
8399282
860523932
1252304483
367169553
1330130405
651173211
1914280567
1211504837
361516664
358465827
488533820
777095201
1029001086
88344592
1596873806
1203171286
307509928
910698188
323026338
1246556228
1194614738
2052057034
1673355250
1541777363
2135682109
507542364
1780235529
345071960
377241741
438753883
1578332121
385641023
1299277815
683152956
752810576
481924572
1334326167
519607495
1693429409
1695842832
878073322
34479582
325454385
1907074408
122824174
1922328192
962762047
430334102
685542732
1285788385
1676890330
1880157470
1190361771
1202761932
1274451185
1178560232
1710304296
907203066
1523632192
2087546037
1345956949
954480665
325703412
497751116
1637633622
1078513988
979675688
824476141
1598121483
525621450
372835325
328711158
560101032
698289711
88301918
682925206
473134255
1051063965
1113259308
1158676987
189368702
642665991
891350809
1379730473
1845427923
18318346
410807057
1408248572
925521412
1934439250
1348310961
123994714
741436267
1674014374
621745830
231586241
605044714
1601421519
1056062383
55682550
2127042969
1428897708
384393708
539660353
2127187419
472695626
1222585559
452838026
1523759592
188361219
1611515013
1713128294
831027210
355382174
945375120
528971486
373700520
1356182177
1937220058
1299221933
1143137779
1138047371
1423216647
1884574047
664578097
2044962477
2116160288
1269622812
1498900348
1024739023
1325305362
1478459669
306153084
1709699070
2018120022
285856855
34911048
1093221933
738694882
1558670640
1281583153
202726247
1124315287
2112610363
558108422
2069690407
494098201
931808942
1278388936
283834611
83547227
274043068
1421881983
1506763874
11133467
2086460080
1404242704
2127293755
1208599244
755659404
1004549131
386420958
86635426
1310702215
2096120028
2104755448
1596559070
2131031077
1050493734
187770304
1542218069
184593239
390496552
519049708
149719954
948604974
441256467
643818156
1880413916
1719645404
927652767
1963961144
1993688472
202051102
1323241370
2004821939
141027535
580000426
1984632046
1349626779
1335659831
841697529
1736047738
1422295257
4916096
1684684118
1379567057
1601475167
1668231547
282577143
1789245471
1062965969
467170382
32258375
1582015677
616890337
980863349
2023272145
1260708493
713793618
1595433901
40877612
530271114
1441638725
242928715
1853512484
1298977016
383956250
286029263
1136125414
1733583029
1621689094
1977822944
1322147119
896500703
1982739040
859347590
128584112
1436730559
380095489
411161256
1078492383
1443061458
878331638
1110750758
877593488
1495221975
2091614108
753381985
608446820
657924078
201332238
649324433
1188195192
1642970963
892253148
894224028
794464331
1276209398
1180253291
1930589745
862308779
654458737
1760929041
36972251
1550959440
1596184434
896319841
1679543553
885431345
1276415330
2090704809
1963923728
571993141
821552799
927190839
1449586629
169291127
871321299
55484966
777737947
1529245377
256817204
1427062380
569956921
1899788167
171831880
1464180949
546768850
1448041278
496950593
329874947
162866410
1151409330
2090803989
199838661
554885123
1539504775
1096158502
86945028
277452472
225090184
30166189
93892553
797083325
851718988
1021083392
99186306
1021010115
1892404691
154671272
1798748063
1274166420
411488476
1078326795
1844123341
163792995
1250158676
1160820642
710561845
550716306
1657771235
1040436793
713582716
661696918
983757134
913421377
1216582041
375778261
2009579879
1303527069
653230733
87186416
1333693258
747123286
884269741
37928598
1768206678
983456048
1058938714
1513127721
1138127320
710203129
639810493
1549615797
1788529924
336450186
1713408792
891204952
1497270829
276486990
1441921259
1007558416
1316923783
8020327
1669255334
153197269
921441705
738353727
528975530
783537936
2041880796
1182206263
870724352
1228090406
1929329550
1754994094
1266019005
1550052580
590966494
177474071
915696654
1729093814
887677200
1555507147
1131225963
528723476
1891957334
697151108
1419928429
1241744515
973638098
714366040
101819283
143078233
722386367
1771074618
296275502
1643828072
361944697
825251032
279882361
256341846
2007457295
1150606713
1484432252
1789303197
758117159
602967609
1191872130
1349083653
780441680
2107568784
930693820
1668118880
1515592283
2061919783
49358709
1260065969
611587243
1469287138
354326836
1585225341
36169530
456146120
1728303574
758555897
79737090
2024579076
254900322
441681787
702346460
534782683
698023633
562320108
1685389396
34972238
204139657
296022908
637939847
1396011787
1645106561
1418381528
1356096923
428316733
939016760
724205559
342752869
988375469
1984271528
954340112
310178959
191114717
392081806
346348489
647260837
2120385380
1104904387
726997927
1997480809
1359804709
1168679714
552343621
1894587392
1866703348
1114663729
1432493140
1901675586
1318803387
1728516048
392131785
567331526
1226138962
1810513313
1923428450
1654455695
602046426
500150361
1997208564
1590421895
336938241
804065029
1900600855
528052958
1196146835
99465696
1175313795
1169048567
1204370083
1902311722
1019045728
416691144
923507789
1571389350
163794888
642727489
538569431
1596288029
396919427
1857372818
1177320429
789051212
277220697
255975743
452080878
53165499
1910431439
1054127304
553315860
1760156355
497065551
890254101
416737736
250182758
1418307060
1612884571
349648455
446137207
634449491
1554018538
200965282
1653495219
1970709683
1124473071
1077400921
2134504571
1767200560
1615970353
1583308952
16636339
1325859523
613145734
805687551
1603080220
869121477
1257768429
1656245719
632069268
164412085
62077931
244741976
661477637
952332033
661479712
911660395
223155445
126880636
1261308850
669292652
761330127
667843741
870257934
267341698
491069776
1994731005
1344742620
478090699
1614447917
813229325
2061399652
1631084256
2139088848
527061738
289288160
1594685421
1396183215
1547056589
1103447492
2028252484
1711468675
1165525424
125510812
225462664
2117857457
786990524
1137123059
193529254
913871160
250948262
862821906
1675201287
918792003
1733079841
1942542986
1409861779
1580327198
1139801958
1887952478
1047291468
1953031283
1801868482
530892076
1944636483
181446572
820180236
1391838256
1577629788
219753178
347802101
1458398624
1931221853
1513327525
1583909436
9200869
1483701334
223416312
1146323928
1677230588
1137287473
1397272190
392568846
665005112
168580545
2125648687
460064450
1578442324
1558492238
1599866408
1318911155
458300058
1405414043
973295989
989192134
1202566879
1154742562
1809372371
446921487
584888702
2029125549
794723588
2043287326
1812863754
160567465
1479713114
1822064623
1644268799
1703129426
820904903
1174015739
692933251
70693446
1566584586
1357938364
239273991
1544749625
1818002814
1817716316
955758215
1270385575
989143823
1414058273
528315970
